2435986
2435995
2436922
2437307
2437372
2438330
2439403
2440283
2441151
2442354
2442422
2442540
2442601
2442919
2443664
2444707
2444824
2445648
2445730
2446064
2446348
2446389
2446785
2447578
2448104
2448808
2449061
2449293
2449623
2449996
2450378
2451200
2451750
2451909
2452731
2453060
2453253
2453274
2453306
2453481
2453721
2453868
2454152
2454648
2454732
2455185
2455857
2455946
2457269
2457284
2458477
2458965
2459716
2460172
2460262
2460291
2460419
2460843
2461224
2461287
2462182
2462901
2463091
2464372
2464446
2464461
2464786
2464964
2464996
2465305
2465539
2465540
2466127
2466180
2466679
2466693
2467317
2467518
2467571
2467763
2467915
2468051
2468083
2468569
2468693
2468702
2468938
2469019
2469102
2469923
2470023
2470103
2470235
2470636
2471520
2471539
2471686
2471930
2473279
2473402
2473452
2473588
2473933
2474716
2474736
2474741
2475213
2475888
2475952
2476095
2476201
2476338
2476543
2478485
2478707
2479003
2479745
2479770
2479781
2481468
2482471
2482538
2483117
2483430
2483563
2483635
2484677
2484757
2484784
2485096
2485128
2485216
2485467
2485521
2485526
2485682
2486062
2486160
2486708
2486709
2487367
2487776
2488134
2488232
2488725
2488792
2489012
2489206
2489283
2489293
2489676
2490206
2490281
2490405
2491044
2491405
2492309
2492584
2493032
2493172
2493471
2494022
2494595
2494599
2495262
2495618
2496037
2496200
2496209
2496979
2497092
2497791
2498122
2498778
2498922
2499125
2499992
2500063
2500741
2501068
2501084
2501487
2501521
2502153
2502492
2502546
2502664
2503423
2503717
2503779
2504316
2504971
2505197
2505415
2505476
2506357
2506644
2506716
2506900
2506995
2507115
2507235
2507373
2507490
2508515
2508562
2508736
2509165
2509560
2509826
2509847
2509858
2510007
2510978
2511205
2511336
2511649
2511732
2511795
2512234
2512328
2512982
2513300
2513807
2513924
2513999
2514035
2515311
2515839
2515894
2515956
2516557
2516719
2517464
2517755
2517908
2518244
2518326
2518483
2518516
2518628
2518689
2518719
2518957
2519118
2519250
2520213
2520650
2520821
2520946
2521375
2521755
2522496
2522563
2522817
2523546
2524238
2524262
2525268
2525814
2526289
2526709
2527055
2527439
2527686
2527760
2528270
2528377
2528586
2528696
2528795
2528972
2529240
2529258
2529474
2529967
2530808
2530850
2531043
2531174
2531395
2531522
2531880
2532536
2532561
2533839
2534033
2534362
2534731
2535797
2536141
2536452
2537296
2537683
2537684
2537746
2537748
2538101
2538434
2538623
2539215
2539851
2540410
2541196
2541473
2541568
2541772
2542316
2542493
2542956
2543231
2543751
2544206
2544261
2545661
2545909
2546087
2547044
2547119
2547964
2548386
2549177
2549300
2549409
2549464
2549468
2549797
2550026
2550979
2551085
2551212
2551310
2551526
2551663
2551800
2551947
2552049
2552176
2552358
2552834
2553099
2553233
2554554
2554739
2554911
2555082
2555208
2555332
2555827
2555847
2556212
2556512
2556811
2556912
2557085
2557368
2558750
2558974
2559659
2559735
2560948
2561183
2561394
2561575
2561799
2561962
2562121
2562888
2562921
2563089
2563439
2563772
2563951
2564820
2565194
2565242
2565314
2566032
2566794
2566851
2566914
2566925
2567150
2567592
2568128
2568335
2568909
2568978
2569882
2570376
2571681
2572253
2573439
2573533
2573576
2573634
2573848
2573889
2574221
2574783
2575152
2575162
2576040
2576411
2576671
2576749
2577127
2577268
2577454
2577503
2577569
2578095
2580625
2580690
2581739
2582019
2582184
2582186
2582273
2582584
2582801
2583952
2584142
2584219
2584447
2584945
2585205
2585439
2585884
2586003
2586761
2588345
2588681
2589007
2589348
2589997
2590183
2590637
2591713
2592057
2592482
2592807
2592921
2593851
2593961
2594389
2594710
2594727
2594862
2595009
2595082
2595299
2595383
2595636
2595660
2595927
2596491
2596738
2597000
2597519
2597728
2597836
2598017
2598327
2598870
2598903
2599183
2599414
2599416
2599434
2599796
2599834
2599863
2600118
2600224
2600253
2600274
2600288
2600680
2600954
2601156
2601674
2602483
2602713
2602902
2603381
2603444
2603685
2603706
2603811
2605175
2605301
2607183
2607188
2607241
2608330
2608502
2609003
2609415
2609464
2609692
2609791
2609899
2609942
2609953
2610324
2610563
2610619
2610777
2610861
2610915
2611241
2611655
2611850
2612161
2612563
2612599
2612829
2614126
2614438
2614643
2614890
2614942
2615047
2615501
2615707
2616032
2616078
2616165
2616597
2616635
2616719
2616876
2617077
2617484
2617524
2617580
2618127
2618667
2618815
2619287
2619516
2619940
2620040
2620070
2620073
2620132
2620407
2620943
2621363
2621391
2622233
2622329
2622478
2622519
2622574
2622805
2622929
2623001
2623026
2623174
2623178
2623407
2623635
2623696
2623796
2624038
2624254
2624407
2624765
2625689
2625783
2625884
2625990
2626045
2626223
